-4.081997e-03
-6.202317e-03
-4.995102e-03
9.224476e-03
1.195981e-03
1.659122e-03
-2.564766e-03
-7.254996e-03
-4.940327e-03
-4.819295e-03
-2.987155e-03
1.875964e-03
-5.908490e-03
-5.108135e-03
1.687828e-03
-1.230484e-02
-6.799949e-03
1.163324e-03
-2.267645e-03
-6.544144e-03
-2.668504e-04
-7.051801e-03
-7.560777e-03
-7.023216e-04
-7.680960e-03
-1.365831e-02
5.380225e-04
-8.700699e-03
-8.506727e-03
3.330702e-03
-9.981794e-03
2.093558e-03
3.628294e-03
-1.162356e-03
-2.224916e-03
-7.011143e-03
3.816055e-03
6.693531e-03
-1.839703e-03
-5.022402e-06
4.315805e-03
-1.024383e-03
4.150538e-03
-8.042363e-03
1.481035e-04
-8.545315e-03
2.829821e-03
9.539868e-05
1.086246e-02
1.968291e-03
7.137378e-03
-6.803243e-03
1.753802e-03
-6.962015e-03
1.405764e-03
-3.243054e-03
-2.490603e-03
-3.076377e-03
-3.333123e-03
3.290420e-03
-6.127496e-03
-3.188092e-03
3.020216e-03
-3.570952e-03
-3.614433e-03
-7.606721e-04
-3.664220e-03
-7.254149e-03
1.972903e-03
-1.041416e-02
-1.038423e-02
-5.892961e-03
-5.322248e-03
-1.849585e-03
-1.113103e-02
1.032316e-03
-5.485371e-04
7.558048e-04
5.454034e-03
2.357551e-03
-1.371951e-03
1.915681e-03
-4.313050e-03
-1.190937e-02
-6.114058e-04
-5.478786e-04
-6.858018e-03
-1.106525e-02
-4.573278e-03
-3.549869e-03
-2.242139e-03
-1.731565e-03
-7.942506e-03
1.306756e-03
1.897029e-04
-7.407180e-03
-3.264418e-03
-9.741613e-03
-5.371563e-03
-1.991040e-03
4.935365e-03
1.002199e-03
-1.069763e-02
-2.607965e-03
-2.760962e-05
3.019181e-03
-4.563977e-04
-4.583819e-03
-1.141150e-02
-1.141169e-02
-7.819499e-03
-4.688852e-03
2.062669e-04
-1.658625e-03
-1.344845e-03
-5.230321e-04
-1.941818e-03
-1.483478e-03
-5.610050e-03
7.090299e-04
-1.091466e-02
-1.678679e-05
1.018857e-03
-4.412153e-03
3.616506e-04
-3.050024e-03
-6.241752e-03
-1.276518e-03
-2.578148e-04
-3.114399e-03
-5.585581e-03
-1.749353e-03
2.816833e-03
1.808106e-03
-1.773917e-03
-6.228952e-03
-5.976159e-03
-4.855741e-04
3.515450e-03
4.872685e-03
-2.117908e-03
-9.719872e-03
3.721919e-04
-5.229260e-03
-6.118931e-03
-1.575138e-05
7.673270e-03
-1.639803e-03
-6.661035e-03
-5.705578e-03
-1.033303e-02
-6.195164e-03
-7.896861e-03
-6.010537e-04
-2.407970e-03
2.233319e-03
-7.145728e-03
-1.190120e-03
-1.590882e-04
2.513783e-03
-7.265086e-04
-2.099461e-03
-3.534058e-03
-1.753701e-04
-4.249239e-03
-3.790805e-03
-1.221101e-02
-3.131715e-03
-1.225929e-02
-5.281401e-03
-3.562596e-04
-7.798888e-03
-1.093989e-02
-6.887099e-03
1.806225e-03
-1.630549e-02
-1.001906e-02
-2.089767e-03
1.684251e-03
-6.007713e-04
-7.121446e-03
-4.081339e-03
-6.764395e-04
4.623536e-04
-4.230417e-03
1.743450e-03
-9.472349e-03
-1.018386e-02
-4.436529e-03
-8.793402e-03
-7.118340e-03
-1.012908e-02
-7.996341e-03
1.703167e-03
-8.641991e-04
-6.225093e-03
-5.813998e-03
-5.329024e-03
-1.836879e-03
2.363838e-04
-1.008504e-02
3.165247e-03
-1.015233e-02
-4.678969e-03
-7.289536e-03
-7.421109e-03
-6.930110e-03
-6.038275e-03
-3.284653e-03
-1.109565e-02
-8.534962e-03
-2.385212e-04
-2.673940e-03
-7.986013e-04
-4.165289e-03
-3.768593e-03
-2.814830e-03
-4.265710e-03
-6.608613e-03
-4.723110e-03
-1.127145e-02
-5.729578e-03
-7.043519e-03
-1.290049e-02
-4.174606e-03
9.339579e-03
-3.019060e-03
-1.812998e-04
-4.334226e-03
-2.625188e-03
